07005089120268020023
07005678620268020053
07005720820268020054
07007887420268020019
07009480220268020019
07010230820268020030
07014390420268020053
07016365620268020053
07017906520268020056
07024621220268020044
07024639420268020044
07024732020268020051
07095851920268020058
07129196120268020058
07132443620268020058
07132504320268020058
07132885520268020058
07133093120268020058
07134808520268020058
07134825520268020058
07134834020268020058
07135189720268020058
07135734820268020058
07136046820268020058
07136193720268020058
07136228920268020058
07152855020268020001
07282583720268020001
07302469320268020001
07370195720268020001
07370464020268020001
07373625320268020001
07374231120268020001
07375418420268020001
07376413920268020001
07377107120268020001
07377141120268020001
07380605920268020001
07382849420268020001
07382952620268020001
07406839620268020001
08000052920268020007
08000154620268020016
08000179220268020023
08000187720268020023
08000196220268020023
08000226220268020202
08000341620268020028
08000424120268020012
08000542020268020056
08002334520268020058
08002343020268020058
08002351520268020058
08002369720268020058
08002378220268020058
08002395220268020058
08002403720268020058
08002412220268020058
08002420720268020058
08002438920268020058
08002447420268020058
08002455920268020058
08002464420268020058
08002472920268020058
80000579620268020046
80000588120268020046
80000596620268020046
80000605120268020046
80000614220268020044
80000622120268020046
80000622720268020044
80000648820268020046
80000657320268020046
80000665820268020046
81123850720268020001
81123868920268020001
81123877420268020001
81123885920268020001
81123894420268020001
81123902920268020001
81123911420268020001
81123929620268020001
81123938120268020001
81123946620268020001
81123955120268020001
81123963620268020001
81123972120268020001
81123980620268020001
81123998820268020001
81124007320268020001
81124015820268020001
81124024320268020001
81124032820268020001
81124041320268020001
81124059520268020001
81124803720268020001
81124812220268020001
81124820720268020001
81124838920268020001
81124847420268020001
81124855920268020001